20.000000,
20.350000,
21.000000,
21.350000,
22.000000,
22.350000,
23.000000,
23.350000,
24.000000,
24.350000,
25.000000,
25.350000,
26.000000,
26.350000,
27.000000,
27.350000,
28.000000,
28.350000,
29.000000,
29.350000,
30.000000,
30.350000,
31.000000,
31.350000,
32.000000,
32.350000,
33.000000,
33.350000,
34.000000,
34.350000,
35.000000,
35.350000,
36.000000,
36.350000,
37.000000,
37.350000,
38.000000,
38.350000,
39.000000,
39.350000,
40.000000,
40.350000,
41.000000,
41.350000,
42.000000,
42.350000,
43.000000,
43.350000,
44.000000,
44.350000,
45.000000,
45.350000,
46.000000,
46.350000,
47.000000,
47.350000,
48.000000,
48.350000,
49.000000,
49.350000,
50.000000,
50.350000,
51.000000,
51.350000,
52.000000,
52.350000,
53.000000,
53.350000,
54.000000,
54.350000,
55.000000,
55.350000,
56.000000,
56.350000,
57.000000,
57.350000,
58.000000,
58.350000,
59.000000,
59.350000,
60.000000,
60.350000,
61.000000,
61.350000,
62.000000,
62.350000,
63.000000,
63.350000,
64.000000,
64.350000,
65.000000,
65.350000,
66.000000,
66.350000,
67.000000,
67.350000,
68.000000,
68.350000,
69.000000,
69.350000,
70.000000,
70.350000,
71.000000,
71.350000,
72.000000,
72.350000,
73.000000,
73.350000,
74.000000,
74.350000,
75.000000,
75.350000,
76.000000,
76.350000,
77.000000,
77.350000,
78.000000,
78.350000,
79.000000,
79.350000,
80.000000,
80.350000,
81.000000,
81.350000,
82.000000,
82.350000,
83.000000,
83.350000,
84.000000,
84.350000,
85.000000,
85.350000,
86.000000,
86.350000,
87.000000,
87.350000,
88.000000,
88.350000,
89.000000,
89.350000,
90.000000,
90.350000,
91.000000,
91.350000,
92.000000,
92.350000,
93.000000,
93.350000,
94.000000,
94.350000,
95.000000,
95.350000,
96.000000,
96.350000,
97.000000,
97.350000,
98.000000,
98.350000,
99.000000,
99.350000,
100.000000,
100.350000,
